SPEED_OF_LIGHT        = 299792458.000000000000000
PLANCK_CONSTANT       = 0.0000000000000000000000000000000000662607015
REDUCED_PLANCK        = 0.00000000000000000000000000000000001054571817
ELEMENTARY_CHARGE     = 0.0000000000000000001602176634
ELECTRON_MASS         = 0.00000000000000000000000000000091093837015
PROTON_MASS           = 0.00000000000000000000000000167262192369
NEUTRON_MASS          = 0.00000000000000000000000000167492749804
AVOGADRO_CONSTANT     = 602214076000000000000000.000000000000000
BOLTZMANN_CONSTANT    = 0.00000000000000000000001380649
GAS_CONSTANT          = 8.314462618000000000000000
GRAVITATIONAL_CONST   = 0.0000000000667430
FINE_STRUCTURE        = 0.0072973525693
PERMITTIVITY_VACUUM   = 0.0000000000088541878128
PERMEABILITY_VACUUM   = 0.00000125663706212
STEFAN_BOLTZMANN      = 0.00000005670374419
WIEN_DISPLACEMENT     = 0.002897771955
RYDBERG_CONSTANT      = 10973731.568160000000000
ATMOSPHERIC_PRESSURE  = 101325.000000000000000
